100 3195
200 6251
300 9363
400 12205
500 15090
600 17969
700 20868
800 23703
900 26400
1000 29073
1100 31670
1200 34258
1300 36690
1400 39145
1500 41501
1600 43717
1700 45835
1800 47919
1900 49879
2000 51748
2100 53425
2200 55100
2300 56635
2400 58130
2500 59535
2600 60885
2700 62211
2800 63362
2900 64458
3000 65496
3100 66452
3200 67276
3300 68108
3400 68898
3500 69572
3600 70162
3700 70692
3800 71207
3900 71684
4000 72104
4100 72499
4200 72827
4300 73126
4400 73429
4500 73681
4600 73914
4700 74130
4800 74300
4900 74440
5000 74578
5100 74689
5200 74797
5300 74883
5400 74977
5500 75034
5600 75086
5700 75132
5800 75178
5900 75211
6000 75235
6100 75260
6200 75288
6300 75305
6400 75325
6500 75341
6600 75358
6700 75370
6800 75376
6900 75384
7000 75391
7100 75398
7200 75405
7300 77673
7400 80688
7500 83577
7600 86405
7700 89100
7800 91870
7900 94529
8000 97162
8100 99756
8200 102278
8300 104718
8400 107227
8500 109561
8600 111905
8700 114117
8800 116191
8900 118183
9000 120140
9100 122057
9200 123879
9300 125538
9400 127162
9500 128717
9600 130188
9700 131620
9800 132863
9900 134089
10000 135221
10100 136239
10200 137192
10300 138141
10400 138999
10500 139827
10600 140509
10700 141173
10800 141806
10900 142366
11000 142845
11100 143297
11200 143723
11300 144088
11400 144442
11500 144745
11600 145021
11700 145288
11800 145515
11900 145735
12000 145923
12100 146068
12200 146198
12300 146324
12400 146424
12500 146503
12600 146567
12700 146640
12800 146697
12900 146734
13000 146775
13100 146812
13200 146841
13300 146874
13400 146897
13500 146922
13600 146936
13700 146947
13800 146961
13900 146973
14000 146983
14100 146989
14200 146996
14300 147005
14400 147011
14500 148714
14600 151777
14700 154727
14800 157641
14900 160474
15000 163282
